256
240 248
241 249
242 242
243 243
244 240
245 255
246 250
247 244
248 247
249 245
250 241
251 251
252 253
253 246
254 254
255 252
246 249
251 250
253 245
254 243
248 247
252 241
244 255
240 242
224 233
225 234
226 225
227 239
228 224
229 231
230 236
231 226
232 227
233 232
234 229
235 238
236 235
237 228
238 237
239 230
233 236
239 228
230 238
227 237
232 224
231 235
226 225
229 234
208 215
209 208
210 210
211 218
212 213
213 211
214 212
215 221
216 217
217 222
218 220
219 219
220 209
221 223
222 216
223 214
221 211
223 222
217 214
219 213
208 212
215 210
220 209
218 216
192 199
193 206
194 196
195 205
196 197
197 203
198 195
199 192
200 193
201 200
202 202
203 204
204 201
205 198
206 207
207 194
193 195
192 198
202 194
204 200
207 196
201 205
203 199
197 206
176 187
177 176
178 179
179 178
180 186
181 190
182 188
183 191
184 177
185 180
186 182
187 181
188 185
189 189
190 183
191 184
186 188
180 179
178 181
182 184
176 187
177 189
185 191
190 183
160 173
161 164
162 168
163 163
164 166
165 162
166 167
167 169
168 175
169 171
170 174
171 172
172 170
173 160
174 161
175 165
169 165
168 172
162 166
167 175
170 173
161 163
160 171
164 174
144 145
145 157
146 153
147 150
148 152
149 147
150 144
151 146
152 158
153 154
154 159
155 151
156 149
157 148
158 156
159 155
152 148
153 147
155 157
144 150
146 156
149 158
159 145
151 154
128 131
129 129
130 142
131 134
132 128
133 133
134 137
135 141
136 136
137 140
138 135
139 143
140 139
141 132
142 130
143 138
134 135
142 136
140 128
143 131
129 141
132 130
139 133
138 137
112 122
113 120
114 123
115 124
116 126
117 119
118 116
119 121
120 117
121 118
122 125
123 112
124 114
125 127
126 115
127 113
117 113
122 121
114 123
116 119
115 125
120 126
112 124
127 118
96 98
97 109
98 105
99 102
100 111
101 96
102 110
103 106
104 108
105 107
106 100
107 104
108 103
109 99
110 97
111 101
105 101
109 99
104 111
100 97
98 108
103 110
96 107
106 102
80 87
81 90
82 95
83 83
84 94
85 85
86 92
87 91
88 84
89 89
90 93
91 88
92 81
93 82
94 86
95 80
83 91
84 80
89 81
95 94
87 88
92 93
85 82
90 86
64 72
65 74
66 78
67 71
68 66
69 64
70 73
71 70
72 76
73 67
74 68
75 75
76 77
77 79
78 65
79 69
64 73
78 67
68 72
69 79
76 66
75 71
70 74
77 65
48 58
49 51
50 57
51 53
52 54
53 52
54 61
55 62
56 60
57 63
58 48
59 59
60 49
61 56
62 50
63 55
60 56
53 49
48 59
51 57
54 50
58 63
55 61
62 52
32 32
33 44
34 40
35 46
36 41
37 36
38 35
39 33
40 37
41 47
42 38
43 45
44 42
45 43
46 34
47 39
37 36
39 47
35 34
32 45
38 40
33 41
44 46
43 42
16 31
17 22
18 18
19 26
20 27
21 29
22 24
23 19
24 25
25 28
26 21
27 17
28 16
29 20
30 30
31 23
28 26
22 21
18 31
16 29
30 24
27 17
25 19
20 23
0 5
1 1
2 10
3 4
4 13
5 11
6 3
7 2
8 7
9 14
10 6
11 15
12 9
13 8
14 0
15 12
5 8
0 6
4 9
1 10
13 3
15 11
14 12
7 2
240 16
241 17
242 18
243 19
244 20
245 21
246 22
247 23
248 24
249 25
250 26
251 27
252 28
253 29
254 30
255 31
240 32
241 33
242 34
243 35
244 36
245 37
246 38
247 39
248 40
249 41
250 42
251 43
252 44
253 45
254 46
255 47
240 48
241 49
242 50
243 51
244 52
245 53
246 54
247 55
248 56
249 57
250 58
251 59
252 60
253 61
254 62
255 63
240 64
241 65
242 66
243 67
244 68
245 69
246 70
247 71
248 72
249 73
250 74
251 75
252 76
253 77
254 78
255 79
240 96
241 97
242 98
243 99
244 100
245 101
246 102
247 103
248 104
249 105
250 106
251 107
252 108
253 109
254 110
255 111
240 112
241 113
242 114
243 115
244 116
245 117
246 118
247 119
248 120
249 121
250 122
251 123
252 124
253 125
254 126
255 127
240 176
241 177
242 178
243 179
244 180
245 181
246 182
247 183
248 184
249 185
250 186
251 187
252 188
253 189
254 190
255 191
240 208
241 209
242 210
243 211
244 212
245 213
246 214
247 215
248 216
249 217
250 218
251 219
252 220
253 221
254 222
255 223
240 224
241 225
242 226
243 227
244 228
245 229
246 230
247 231
248 232
249 233
250 234
251 235
252 236
253 237
254 238
255 239
192 240
193 241
194 242
195 243
196 244
197 245
198 246
199 247
200 248
201 249
202 250
203 251
204 252
205 253
206 254
207 255
160 240
161 241
162 242
163 243
164 244
165 245
166 246
167 247
168 248
169 249
170 250
171 251
172 252
173 253
174 254
175 255
144 240
145 241
146 242
147 243
148 244
149 245
150 246
151 247
152 248
153 249
154 250
155 251
156 252
157 253
158 254
159 255
128 240
129 241
130 242
131 243
132 244
133 245
134 246
135 247
136 248
137 249
138 250
139 251
140 252
141 253
142 254
143 255
80 240
81 241
82 242
83 243
84 244
85 245
86 246
87 247
88 248
89 249
90 250
91 251
92 252
93 253
94 254
95 255
0 240
1 241
2 242
3 243
4 244
5 245
6 246
7 247
8 248
9 249
10 250
11 251
12 252
13 253
14 254
15 255
208 112
209 113
210 114
211 115
212 116
213 117
214 118
215 119
216 120
217 121
218 122
219 123
220 124
221 125
222 126
223 127
208 176
209 177
210 178
211 179
212 180
213 181
214 182
215 183
216 184
217 185
218 186
219 187
220 188
221 189
222 190
223 191
96 208
97 209
98 210
99 211
100 212
101 213
102 214
103 215
104 216
105 217
106 218
107 219
108 220
109 221
110 222
111 223
16 208
17 209
18 210
19 211
20 212
21 213
22 214
23 215
24 216
25 217
26 218
27 219
28 220
29 221
30 222
31 223
176 112
177 113
178 114
179 115
180 116
181 117
182 118
183 119
184 120
185 121
186 122
187 123
188 124
189 125
190 126
191 127
96 16
97 17
98 18
99 19
100 20
101 21
102 22
103 23
104 24
105 25
106 26
107 27
108 28
109 29
110 30
111 31
64 48
65 49
66 50
67 51
68 52
69 53
70 54
71 55
72 56
73 57
74 58
75 59
76 60
77 61
78 62
79 63
32 64
33 65
34 66
35 67
36 68
37 69
38 70
39 71
40 72
41 73
42 74
43 75
44 76
45 77
46 78
47 79
16 224
17 225
18 226
19 227
20 228
21 229
22 230
23 231
24 232
25 233
26 234
27 235
28 236
29 237
30 238
31 239
96 224
97 225
98 226
99 227
100 228
101 229
102 230
103 231
104 232
105 233
106 234
107 235
108 236
109 237
110 238
111 239
112 224
113 225
114 226
115 227
116 228
117 229
118 230
119 231
120 232
121 233
122 234
123 235
124 236
125 237
126 238
127 239
176 224
177 225
178 226
179 227
180 228
181 229
182 230
183 231
184 232
185 233
186 234
187 235
188 236
189 237
190 238
191 239
208 224
209 225
210 226
211 227
212 228
213 229
214 230
215 231
216 232
217 233
218 234
219 235
220 236
221 237
222 238
223 239
224 64
225 65
226 66
227 67
228 68
229 69
230 70
231 71
232 72
233 73
234 74
235 75
236 76
237 77
238 78
239 79
224 48
225 49
226 50
227 51
228 52
229 53
230 54
231 55
232 56
233 57
234 58
235 59
236 60
237 61
238 62
239 63
224 32
225 33
226 34
227 35
228 36
229 37
230 38
231 39
232 40
233 41
234 42
235 43
236 44
237 45
238 46
239 47
160 0
161 1
162 2
163 3
164 4
165 5
166 6
167 7
168 8
169 9
170 10
171 11
172 12
173 13
174 14
175 15
160 80
161 81
162 82
163 83
164 84
165 85
166 86
167 87
168 88
169 89
170 90
171 91
172 92
173 93
174 94
175 95
160 144
161 145
162 146
163 147
164 148
165 149
166 150
167 151
168 152
169 153
170 154
171 155
172 156
173 157
174 158
175 159
128 160
129 161
130 162
131 163
132 164
133 165
134 166
135 167
136 168
137 169
138 170
139 171
140 172
141 173
142 174
143 175
80 0
81 1
82 2
83 3
84 4
85 5
86 6
87 7
88 8
89 9
90 10
91 11
92 12
93 13
94 14
95 15
144 80
145 81
146 82
147 83
148 84
149 85
150 86
151 87
152 88
153 89
154 90
155 91
156 92
157 93
158 94
159 95
144 0
145 1
146 2
147 3
148 4
149 5
150 6
151 7
152 8
153 9
154 10
155 11
156 12
157 13
158 14
159 15
192 160
193 161
194 162
195 163
196 164
197 165
198 166
199 167
200 168
201 169
202 170
203 171
204 172
205 173
206 174
207 175
192 144
193 145
194 146
195 147
196 148
197 149
198 150
199 151
200 152
201 153
202 154
203 155
204 156
205 157
206 158
207 159
192 128
193 129
194 130
195 131
196 132
197 133
198 134
199 135
200 136
201 137
202 138
203 139
204 140
205 141
206 142
207 143
192 80
193 81
194 82
195 83
196 84
197 85
198 86
199 87
200 88
201 89
202 90
203 91
204 92
205 93
206 94
207 95
192 0
193 1
194 2
195 3
196 4
197 5
198 6
199 7
200 8
201 9
202 10
203 11
204 12
205 13
206 14
207 15