1000
-1000 -415
-1000 -408
-1000 -131
-1000 -25
-1000 560
-999 -982
-998 -142
-998 532
-997 -654
-996 -437
-996 214
-995 -466
-995 -377
-995 -92
-995 310
-995 346
-995 685
-994 -614
-994 -481
-994 -378
-994 -315
-994 -99
-994 362
-993 -712
-993 -460
-992 -866
-992 -626
-992 -334
-992 187
-992 485
-992 759
-991 -984
-991 -382
-991 -53
-991 -44
-991 680
-991 864
-990 -986
-990 -489
-990 -67
-990 -40
-990 576
-989 -583
-989 -256
-987 -670
-987 485
-986 -776
-986 -448
-986 -144
-986 603
-986 608
-985 -252
-984 -868
-983 -605
-983 -548
-983 -276
-983 -193
-983 -102
-983 353
-982 -928
-982 -800
-982 -217
-982 468
-981 -666
-981 -379
-981 -249
-981 -141
-981 646
-981 803
-980 -155
-980 211
-979 -739
-979 -249
-979 -84
-979 -30
-979 8
-979 919
-978 -973
-978 -927
-978 -413
-978 -181
-978 930
-977 -595
-977 431
-976 -299
-975 -959
-974 -936
-974 -408
-974 -256
-974 -98
-974 610
-973 -877
-972 -160
-971 -321
-970 -428
-969 -601
-969 335
-968 -962
-968 -838
-968 -708
-968 -424
-968 -401
-968 381
-967 -461
-966 -742
-965 -406
-965 -144
-964 -489
-964 -230
-963 -676
-963 -573
-963 -490
-963 -419
-963 849
-963 911
-962 -815
-962 -268
-962 -147
-962 549
-962 635
-961 -932
-961 -797
-961 -764
-961 -383
-961 -174
-960 -823
-960 298
-959 -667
-959 -140
-959 195
-959 434
-959 804
-958 -297
-958 -25
-957 -623
-957 -365
-957 -281
-957 513
-957 882
-956 -354
-956 -192
-955 -357
-954 -820
-954 -633
-954 -619
-954 693
-954 938
-953 -359
-952 -217
-952 514
-951 -796
-951 -659
-951 -127
-951 185
-951 208
-951 469
-950 845
-949 -478
-948 -819
-948 -800
-948 -726
-948 -408
-948 920
-947 -228
-947 185
-946 -712
-946 -187
-946 -1
-946 171
-946 691
-945 -578
-945 -51
-944 -367
-944 484
-943 -732
-942 -857
-942 -722
-942 -715
-942 -680
-942 -327
-942 94
-941 -857
-940 -849
-940 -346
-940 -191
-940 -64
-940 110
-939 -924
-939 660
-938 -261
-937 -883
-935 -300
-934 -814
-934 522
-933 -858
-933 -499
-933 -485
-933 -254
-933 846
-931 -456
-930 -361
-930 -34
-929 -561
-929 -539
-929 -404
-929 305
-929 870
-928 -746
-928 -614
-928 -315
-928 -205
-928 106
-927 -753
-927 -340
-927 -194
-927 20
-927 817
-926 -438
-926 -303
-926 -194
-926 787
-925 -672
-925 -667
-925 -433
-925 -201
-925 241
-924 -506
-924 -487
-924 -191
-924 252
-924 887
-923 -890
-923 -742
-923 -489
-923 -478
-923 -426
-923 388
-922 -842
-922 -121
-921 -857
-921 -649
-921 -451
-921 -394
-921 -306
-921 531
-920 -191
-919 -901
-919 -92
-919 -69
-919 49
-919 456
-918 -908
-918 -568
-918 -461
-918 -333
-918 958
-917 -814
-917 -338
-917 -206
-917 713
-917 798
-916 -622
-915 -121
-915 393
-914 -258
-913 -842
-913 -396
-912 -550
-912 -405
-912 -316
-912 132
-912 374
-911 -501
-910 -723
-910 -601
-910 -586
-910 -497
-910 175
-909 -269
-909 646
-907 -747
-907 -675
-907 -342
-907 -258
-907 476
-907 900
-906 -769
-905 -611
-904 -767
-904 -638
-904 -411
-904 -85
-904 402
-903 -719
-903 -683
-903 -380
-903 -261
-903 50
-902 -551
-901 895
-900 -31
-899 -894
-899 -433
-899 -243
-899 -160
-899 -93
-899 197
-898 -871
-898 -858
-898 -225
-898 -119
-898 -116
-898 534
-897 -512
-897 -391
-897 -369
-897 353
-897 444
-896 -867
-896 -781
-896 -755
-896 90
-896 627
-896 915
-895 -309
-894 -506
-894 -288
-894 -281
-894 -169
-894 294
-893 -733
-893 -554
-893 -504
-893 -59
-893 752
-892 -154
-892 967
-891 -717
-891 -705
-891 -223
-891 -215
-891 -25
-891 127
-890 -785
-890 -139
-890 30
-890 345
-890 402
-889 -296
-888 -642
-888 448
-887 -523
-886 -168
-885 -92
-884 -618
-884 825
-883 -771
-883 -122
-883 670
-883 937
-882 -803
-882 50
-881 -271
-881 -243
-881 -154
-881 684
-880 -683
-880 -464
-880 -377
-880 -125
-880 545
-879 -833
-879 -815
-879 -794
-879 -457
-879 322
-878 -851
-878 -216
-877 -331
-877 -308
-877 -9
-877 426
-876 -716
-876 -545
-876 -392
-876 -91
-876 728
-876 818
-875 -193
-874 -619
-874 -2
-873 -790
-873 -535
-873 -424
-873 75
-873 398
-873 966
-872 -182
-871 -575
-871 -516
-871 -484
-871 840
-870 -358
-869 -373
-869 -295
-868 -785
-868 -630
-868 -506
-868 -219
-868 434
-866 -345
-866 -205
-866 -157
-866 800
-865 -105
-864 -645
-864 -338
-863 -383
-863 188
-862 -860
-862 -571
-862 234
-862 510
-861 -768
-861 -311
-861 -23
-861 475
-861 481
-861 714
-860 -164
-860 -74
-860 -33
-860 213
-859 -622
-859 -537
-858 -766
-858 -43
-858 85
-858 177
-857 -569
-857 497
-856 -346
-856 -161
-856 -153
-856 -111
-856 -103
-856 989
-855 -625
-855 -1
-854 -421
-854 -193
-853 -512
-853 -511
-853 -403
-853 -241
-853 718
-852 -450
-851 -501
-851 -453
-851 -358
-851 784
-851 836
-850 -606
-850 -171
-850 -11
-850 490
-850 889
-849 178
-848 -816
-848 -500
-848 -359
-848 -319
-848 592
-848 844
-847 204
-846 -605
-845 -662
-844 -368
-844 599
-843 -381
-843 -236
-843 -108
-843 -72
-843 492
-842 -811
-842 -498
-842 488
-842 996
-841 -320
-840 -575
-839 -779
-839 -603
-839 -297
-839 182
-839 330
-839 557
-838 -670
-838 -58
-838 -14
-838 431
-838 980
-837 -527
-836 -673
-836 -138
-835 -273
-835 -55
-834 -726
-834 -378
-834 -248
-834 -162
-834 -55
-834 837
-833 -780
-833 -431
-833 -138
-833 720
-832 -283
-831 -541
-831 -108
-830 -670
-830 -665
-830 -227
-830 35
-830 474
-829 -671
-829 -430
-829 -373
-829 284
-829 641
-828 -48
-827 -730
-827 81
-827 745
-826 -496
-825 -401
-824 -698
-823 -585
-823 -480
-823 -424
-823 -396
-823 997
-822 -730
-822 -418
-822 -210
-822 -193
-822 225
-822 480
-821 -218
-820 863
-819 -710
-819 -432
-819 -219
-819 126
-818 -730
-817 -424
-817 59
-816 -162
-815 -195
-815 197
-815 765
-814 -180
-814 23
-814 568
-814 588
-813 -375
-813 -354
-812 -684
-812 -558
-812 -400
-812 -316
-812 92
-812 306
-811 -341
-811 -186
-811 16
-811 206
-811 246
-810 -777
-810 -420
-810 -273
-810 -191
-810 760
-809 -756
-809 -640
-809 -405
-809 -387
-809 -300
-809 128
-808 -331
-808 -317
-808 -208
-808 -7
-808 439
-807 -347
-807 -80
-806 -395
-806 -235
-806 -177
-806 300
-806 870
-806 944
-805 -767
-805 -630
-805 -512
-805 39
-805 248
-805 747
-804 -164
-803 -701
-803 -260
-803 14
-803 364
-802 -304
-801 -771
-799 -12
-799 420
-798 -386
-798 -154
-798 -144
-798 408
-798 938
-797 -150
-796 -734
-796 -590
-796 -106
-796 -7
-796 581
-795 -629
-794 284
-793 -712
-792 -750
-792 -687
-792 -429
-792 153
-792 210
-791 -772
-791 -45
-791 -35
-791 407
-791 706
-790 -390
-789 -641
-788 -773
-787 -229
-787 -30
-786 -356
-786 -10
-785 -777
-785 344
-785 638
-784 -176
-784 134
-783 -687
-783 -560
-783 -509
-783 -320
-783 -22
-783 916
-782 -387
-781 -511
-781 -342
-781 685
-780 -737
-780 -611
-780 -400
-780 24
-780 748
-779 262
-778 -540
-778 -149
-778 -67
-778 -63
-778 355
-776 -460
-776 -379
-776 -346
-776 -68
-776 969
-775 -589
-775 -464
-774 -399
-774 -394
-773 -568
-773 -527
-773 -115
-773 821
-772 -526
-772 -364
-772 -354
-772 302
-771 -458
-771 -365
-771 770
-770 -502
-769 -311
-769 -89
-769 746
-769 786
-768 -551
-768 -407
-768 -111
-768 892
-766 -493
-766 -271
-766 -121
-766 143
-765 -107
-765 325
-764 -488
-764 -51
-764 65
-764 120
-764 545
-763 -413
-762 -735
-762 384
-761 -28
-759 -438
-758 -363
-757 -690
-756 -738
-756 -354
-756 -171
-756 522
-756 753
-755 -586
-755 -557
-755 466
-755 790
-755 975
-754 -461
-754 -456
-754 -262
-754 -256
-754 -88
-754 596
-752 -371
-752 352
-751 -633
-751 -498
-750 -356
-750 -97
-750 609
-750 824
-749 -521
-749 -447
-749 -182
-749 151
-749 277
-749 985
-748 -123
-748 762
-747 473
-746 -269
-745 -540
-744 -666
-743 -513
-743 964
-742 -573
-742 453
-742 543
-742 554
-741 -675
-740 -452
-740 -299
-740 -110
-740 375
-740 980
-739 -705
-739 -513
-739 43
-739 126
-739 807
-735 -700
-735 -553
-735 -196
-735 955
-733 -660
-733 -598
-733 399
-733 565
-732 -686
-732 -75
-732 -33
-732 163
-731 -343
-731 -155
-730 -123
-730 137
-730 964
-729 -133
-728 -511
-728 -256
-727 -326
-726 -482
-726 -245
-726 692
-726 832
-725 -505
-725 -477
-725 -295
-725 78
-725 530
-724 -4
-724 482
-723 -681
-723 -130
-723 232
-723 795
-722 -507
-722 -367
-722 -172
-722 911
-722 993
-721 -686
-720 -337
-719 -427
-718 -157
-718 616
-717 -622
-717 -562
-717 -410
-717 494
-716 -105
-716 -5
-716 288
-716 646
-716 747
-715 -89
-714 -164
-713 -423
-712 -337
-712 -118
-712 317
-711 -272
-711 943
-710 -688
-710 -363
-710 101
-710 790
-709 -679
-709 -676
-709 -523
-709 -284
-709 950
-707 -277
-707 -69
-707 -47
-707 93
-707 470
-706 -639
-706 -249
-704 -11
-703 -559
-703 600
-702 -627
-702 -414
-702 -373
-702 -360
-702 -145
-702 521
-701 -572
-701 -389
-701 372
-701 777
-701 915
-700 -471
-699 -480
-698 -452
-698 -413
-698 -244
-698 854
-697 -603
-697 -385
-697 -153
-697 703
-697 840
-696 -571
-696 -416
-696 -371
-696 -86
-696 393
-695 -513
-695 -320
-695 -214
-695 453
-695 788
-694 -582
-694 -541
-694 -493
-694 -155
-694 295
-694 436
-693 -377
-692 -433
-691 -17
-691 727
-690 -617
-690 -509
-690 -375
-690 563
-690 826
-689 -279
-687 -546
-687 -103
-687 253
-687 543
-686 -636
-686 -19
-686 265
-685 -612
-683 -649
-683 -522
-683 391
-683 440
-682 -308
-682 200
-681 -666
-681 -338
-681 -222
-681 -163
-681 484
-679 534
-678 -346
-678 872
-677 -649
-677 -337
-676 -658
-676 -463
-676 205
-676 644
-675 -496
-675 779
-675 943
-674 -369
-674 -212
-674 -200
-674 -147
-674 208
-673 -276
-673 -231
-673 -149
-673 855
-672 -656
-671 -612
-671 -286
-671 750
-671 777
-670 -525
-670 -44
-670 59
-669 -312
-668 -568
-668 757
-667 -402
-667 -189
-667 244
-667 813
-666 -401
-666 908
-664 -425
-664 -218
-664 -114
-664 -88
-664 704
-663 -633
-663 -611
-663 -410
-663 -259
-663 136
-663 788
-662 -614
-662 -425
-662 54
-662 784
-661 -76
-659 -543
-659 -447
-659 -438
-659 536
-659 644
-658 -169
-657 -395
-656 -196
-656 -176
-656 87
-656 194
-655 -507
-655 734
-654 -555
-654 -13
-654 8
-654 692
-654 916
-653 -116
-653 349
-652 -612
-652 -423
-652 -296
-652 -260
-652 -257
-652 298
-651 -624
-650 -478
-650 -435
-650 -363
-650 -318
-650 432
-650 662
-649 210
-649 705
-648 -339
-648 543
-647 -490
-647 -77
-646 -515
-645 -346
-645 -79
-645 -5
-645 804
-644 -229
-643 -560
-643 -374
-643 -304
-643 132
-643 789
-642 -553
-642 -351
-642 210
-642 616
-642 813
-641 -239
-641 -159
-641 -122
-641 62
-641 371
-639 -80
-639 -71
-639 802
-639 922
-639 932
-638 -576
-638 -184
-638 -117
-638 266
-637 -586
-637 -461
-637 -437
-637 -385
-637 -94
-637 18
-636 -544
-636 -295
-636 -6
-636 97
-634 -292
-633 532
-633 890
-632 -479
-632 462
-631 -224
-631 414
-630 -572
-630 -534
-630 35
-629 -621
-629 -244
-629 582
-629 587
-628 -249
-627 -494
-627 -112
-627 556
-627 649
-626 -588
-626 -443
-626 -390
-626 708
-625 -559
-625 -330
-625 -26
-625 172
-624 -427
-624 -260
-624 694
-624 774
-623 -269
-623 -179
-623 56
-623 668
-623 934
-622 -552
-622 -347
-622 922
-621 -580
-621 -573
-621 -158
-621 181
-620 -72
-619 -501
-619 -128
-619 83
-618 -590
-618 -343
-618 -96
-618 200
-617 -613
-617 -71
-617 242
-617 884
-616 -215
-616 -54
-615 -548
-615 -538
-615 -367
-615 -60
-615 388
-615 467
-614 -445
-614 905
-612 539
-612 655
-611 -64
-611 186
-611 597
-610 -64
-609 -422
-608 -404
-607 -222
-605 -449
-605 -278
-605 878
-604 -580
-604 -570
-604 -533
-604 -373
-604 700
-603 -436
-603 774
-603 795
-602 -427
-602 -374
-602 -146
-602 330
-602 605
-601 -34
-601 334
-601 439
-600 -563
-600 -66
-599 -394
-598 -531
-598 -89
-598 378
-598 800
-597 -548
-596 -539
-595 -236
-595 -109
-595 251
-595 866
-594 -587
-593 -315
-592 -45
-591 -555
-591 -366
-591 -208
-591 -162
-591 935
-590 -514
-590 -177
-590 613
-589 -443
-589 -254
-589 84
-587 -404
-587 -13
-587 16
-587 236
-587 597
-586 -549
-586 -252
-586 874
-585 -467
-585 -368
-585 223
-585 828
-585 952
-584 -109
-583 -324
-583 -174
-583 -53
-583 835
-582 492
-581 -511
-580 -574
-580 -537
-580 -8
-580 949
-579 -1
-578 -537
-578 -422
-578 -198
-578 531
-578 973
-577 -510
-577 -496
-577 -489
-577 -10
-577 409
-577 505
-575 -481
-575 319
-575 984
-574 503
-573 -298
-573 653
-573 758
-572 -474
-572 -162
-572 57
-572 889
-571 -52
-571 442
-571 962
-570 -29
-569 -232
-569 -157
-569 528
-569 557
-568 -464
-568 198
-568 657
-567 -563
-566 -490
-565 -301
-565 310
-564 -314
-564 -120
-564 -37
-564 25
-564 767
-563 -301
-563 -19
-563 644
-563 718
-562 741
-561 355
-559 -449
-559 193
-559 246
-559 412
-558 -304
-558 -220
-558 -34
-558 987
-557 -226
-556 -507
-556 -69
-555 -115
-555 -86
-555 161
-554 -92
-553 -131
-553 63
-553 891
-552 -279
-552 -166
-552 -65
-552 470
-552 864
-551 -396
-551 -92
-551 -55
-551 867
-549 -356
-548 361
-548 763
-547 -85
-546 738
-545 902
-544 -10
-542 -39
-541 -91
-541 931
-541 990
-540 -501
-540 -224
-540 293
-539 -479
-539 -361
-539 119
-539 885
-538 821
-537 -147
-537 165
-537 698
-535 -439
-535 -222
-535 419
-535 584
-533 -328
-533 -211
-533 283
-533 349
-532 -451
-532 -278
-531 840
-530 -81
-529 -290
-529 999
-528 -516
-528 -515
-527 -456
-527 214
-527 307
-525 -341
-524 -369
-523 -469
-523 -95
-523 178
-523 855
-522 -471
-520 -482
-520 -300
-520 -100
-520 -81
-520 436
-520 909
-519 -174
-519 8
-518 -372
-518 -279
-518 -216
-518 259
-518 607
-517 -276
-517 562
-516 -182
-516 -169
-516 699
-516 996
-515 -256
-515 -12
-515 550
-515 836
-513 -95
-513 526
-513 723
-512 -459
-512 -268
-512 117
-511 -192
-511 313
-510 680
-509 -292
-509 -190
-509 -90
-508 -382
-508 -296
-508 -165
-508 -81
-508 844
-507 -333
-506 -349
-506 141
-506 268
-504 -376
-504 -152
-504 -37
-504 69
-504 253
-503 -319
-503 787
-502 -122
-502 -104
-502 352
-502 631
-501 220
-501 350
-499 -479
-499 -434
-499 -291
-499 -80
-499 782
-498 -428
-498 -16
-498 613
-498 841
-496 -325
-496 446
-495 -7
-493 -406
-493 -287
-493 132
-493 914
-492 -260
-492 906
-491 -270
-490 -290
-490 102
-489 -275
-489 198
-487 -335
-487 -278
-487 -70
-487 353
-487 430
-486 -311
-486 852
-485 574
-484 293
-483 -111
-483 -42
-481 -443
-481 -311
-481 -289
-481 201
-480 -424
-480 -312
-480 469
-480 618
-479 472
-479 795
-479 897
-478 -332
-478 100
-478 869
-477 -255
-477 -129
-477 158
-477 820
-476 -192
-476 704
-475 -122
-475 835
-474 -351
-473 -180
-472 -226
-472 878
-471 -66
-471 -3
-471 757
-470 -392
-469 -171
-468 -314
-468 546
-465 -189
-465 -133
-464 -184
-464 589
-464 714
-462 -336
-461 579
-461 582
-460 -309
-460 -272
-460 238
-458 -267
-458 -251
-458 -229
-458 -227
-458 977
-457 -278
-456 -228
-456 824
-455 -393
-455 -370
-455 -10
-455 744
-455 789
-454 -314
-454 -222
-454 65
-454 280
-454 985
-453 -160
-452 -315
-452 882
-452 956
-451 -123
-451 -107
-451 527
-451 665
-450 -433
-450 -383
-450 -379
-450 600
-449 -140
-449 -53
-449 465
-447 -200
-447 197
-447 209
-447 384
-446 -379
-444 -410
-443 -293
-443 -285
-443 737
-442 -230
-442 36
-441 -149
-440 -56
-439 416
-438 -29
-438 166
-437 -234
-437 -2
-437 259
-437 931
-435 -336
-435 -237
-435 -45
-435 14
-434 -244
-433 36
-431 972
-428 -31
-428 736
-428 953
-427 -22
-427 561
-425 -183
-425 264
-425 282
-425 661
-424 22
-423 -406
-423 -226
-423 -28
-423 323
-422 -174
-422 125
-422 250
-422 550
-421 -406
-421 -104
-421 -103
-421 -77
-421 741
-419 172
-418 -113
-418 -76
-418 -21
-418 167
-418 875
-417 -13
-417 728
-416 -267
-414 14
-413 -315
-413 758
-413 898
-412 -104
-412 724
-411 -312
-410 166
-410 444
-410 805
-409 -254
-408 -156
-408 509
-408 960
-407 505
-406 -65
-406 593
-405 -233
-405 -155
-405 989
-405 998
-404 -339
-404 41
-403 -396
-403 -49
-403 82
-403 538
-402 874
-401 -48
-401 255
-401 386
-400 -343
-400 -197
-400 325
-399 -314
-399 -267
-399 -54
-399 67
-399 622
-398 -124
-397 -250
-397 691
-396 -11
-396 721
-395 -44
-395 830
-394 -363
-394 -189
-394 372
-393 102
-392 -301
-392 -292
-392 620
-392 888
-391 201
-390 -330
-390 -168
-390 688
-388 -331
-388 -124
-387 -192
-387 773
-387 807
-386 -180
-385 -305
-385 271
-385 727
-384 -239
-383 -370
-383 -291
-383 660
-382 -136
-382 706
-382 755
-379 287
-377 546
-377 860
-375 -173
-375 280
-375 393
-375 767
-374 -329
-374 43
-374 753
-373 -250
-373 199
-371 -245
-371 -129
-371 9
-370 -203
-370 -102
-370 113
-369 101
-369 124
-369 699
-368 -66
-368 391
-368 562
-368 711
-367 -272
-367 140
-367 525
-363 414
-362 -227
-361 -296
-361 -56
-361 -8
-361 715
-360 -240
-360 -230
-360 -169
-360 544
-360 915
-359 -276
-359 239
-359 503
-358 -39
-358 274
-358 487
-358 525
-357 -207
-357 -189
-357 -184
-357 82
-357 411
-356 -85
-356 74
-356 947
-355 -151
-355 307
-354 -129
-354 728
-353 -242
-353 -184
-352 628
-351 -235
-351 -181
-351 131
-351 800
-350 -44
-348 -79
-348 466
-347 -238
-347 -2
-347 350
-346 825
-345 -98
-344 -243
-343 -3
-343 770
-343 913
-342 -165
-342 -85
-342 628
-341 -207
-341 -95
-341 99
-341 647
-340 -73
-340 -1
-340 424
-340 901
-339 -224
-339 -109
-339 220
-339 849
-338 -83
-338 491
-337 -328
-337 -89
-337 5
-336 -44
-336 93
-336 225
-336 561
-335 949
-333 -132
-333 635
-333 845
-332 -270
-332 -175
-332 262
-332 504
-331 -173
-331 713
-331 895
-329 737
-328 -36
-328 272
-328 440
-327 -266
-327 -118
-327 -17
-327 289
-326 -283
-326 -185
-326 -12
-326 688
-326 932
-324 -221
-324 -144
-324 -24
-324 47
-323 -71
-323 407
-322 -152
-321 -173
-321 -105
-321 146
-321 459
-320 -71
-320 40
-320 975
-319 -282
-319 -236
-319 61
-318 22
-316 -40
-316 477
-316 888
-316 901
-315 448
-314 -112
-314 257
-313 -47
-313 970
-312 -164
-312 141
-311 847
-309 -2
-309 153
-309 951
-308 -228
-308 127
-308 441
-308 964
-307 -75
-307 -31
-305 -281
-305 -217
-305 -167
-305 620
-305 828
-304 -46
-304 529
-303 -79
-303 -50
-303 203
-303 315
-303 820
-302 -29
-301 -147
-301 -69
-301 114
-300 378
-300 793
-300 902
-299 -7
-299 717
-299 801
-297 -252
-297 506
-297 648
-296 329
-296 348
-295 -294
-295 746
-295 967
-294 905
-293 49
-292 -17
-292 797
-290 -282
-290 -217
-290 417
-290 565
-285 -261
-285 -137
-285 273
-285 588
-285 743
-284 -221
-283 -78
-283 232
-283 495
-282 -101
-282 -4
-282 42
-282 574
-281 -134
-281 264
-281 526
-280 -234
-279 286
-279 904
-278 711
-277 -276
-276 668
-275 -270
-275 -143
-275 -52
-275 366
-274 -145
-274 -21
-273 -253
-273 -95
-273 736
-272 137
-272 432
-270 99
-270 668
-269 -258
-269 -51
-269 188
-267 -133
-267 594
-265 -173
-265 584
-264 -103
-263 -108
-261 478
-261 567
-260 -215
-260 453
-258 -145
-258 505
-256 965
-254 162
-254 758
-254 762
-253 -78
-252 145
-252 231
-251 156
-250 -107
-250 -98
-250 202
-250 679
-249 -47
-249 669
-248 -60
-247 -215
-247 -46
-247 -28
-247 562
-247 972
-246 -53
-245 -38
-245 219
-245 410
-244 159
-244 817
-243 152
-242 -151
-242 -77
-242 500
-241 170
-239 -159
-239 463
-239 664
-239 888
-237 313
-236 33
-236 265
-235 -61
-235 561
-235 599
-235 911
-234 -107
-234 -104
-234 570
-234 697
-232 117
-230 -215
-229 -29
-229 799
-228 463
-228 617
-228 945
-227 -4
-227 503
-227 859
-226 -124
-226 68
-226 488
-225 -3
-224 -206
-224 677
-222 212
-222 413
-221 -91
-221 379
-218 -151
-218 -87
-218 115
-218 936
-217 -145
-217 486
-216 -176
-216 530
-215 970
-213 -37
-211 554
-210 110
-209 -19
-209 6
-207 -72
-207 -14
-207 491
-207 682
-204 -26
-203 793
-202 -42
-202 700
-201 486
-199 -118
-196 111
-196 204
-195 744
-193 246
-192 115
-192 966
-191 542
-191 906
-190 -170
-190 -160
-190 73
-190 549
-189 738
-184 566
-183 693
-182 255
-182 549
-180 -111
-180 679
-176 -75
-176 183
-175 -151
-174 975
-173 -155
-173 446
-171 -126
-171 233
-169 -70
-169 831
-168 -30
-168 106
-168 355
-168 416
-164 689
-162 63
-162 307
-159 -27
-159 183
-159 651
-159 905
-158 130
-157 32
-157 482
-155 947
-154 396
-154 457
-154 748
-152 -72
-152 -60
-152 939
-151 237
-151 802
-150 -129
-150 -88
-150 261
-150 634
-150 832
-149 -54
-149 209
-148 -140
-147 952
-145 38
-145 398
-144 86
-142 -118
-142 -42
-142 267
-142 485
-141 816
-140 -47
-140 483
-140 768
-139 997
-138 -54
-138 10
-138 476
-134 -19
-133 -87
-133 632
-132 620
-129 -18
-129 514
-127 251
-125 582
-124 -108
-124 -12
-124 734
-123 130
-123 612
-123 993
-122 459
-121 -75
-121 872
-119 -60
-118 -48
-118 869
-117 -56
-116 -56
-116 524
-116 716
-116 887
-114 579
-113 597
-112 -87
-112 -57
-112 318
-111 847
-111 965
-109 34
-109 46
-108 787
-108 955
-107 329
-107 586
-106 -15
-105 6
-105 475
-105 827
-104 482
-103 194
-103 971
-100 445
-98 427
-98 999
-96 -91
-95 -62
-95 775
-92 263
-91 863
-89 318
-88 -74
-88 554
-88 719
-87 -32
-87 73
-85 409
-85 886
-82 -21
-81 326
-81 519
-80 114
-80 365
-79 658
-79 994
-78 -19
-78 71
-78 678
-77 23
-77 27
-77 681
-76 -21
-76 119
-76 959
-75 -24
-75 271
-72 308
-72 729
-71 751
-70 38
-70 136
-70 713
-69 58
-69 653
-68 770
-66 117
-66 640
-66 790
-64 376
-64 547
-64 833
-61 775
-60 9
-60 724
-59 -25
-56 362
-56 976
-55 906
-54 -20
-54 865
-53 -26
-53 65
-51 -31
-51 96
-49 219
-48 517
-48 819
-47 748
-45 143
-45 606
-44 397
-42 -15
-42 158
-39 -30
-39 420
-39 658
-39 945
-38 634
-37 225
-37 759
-37 969
-34 179
-34 671
-31 240
-30 794
-29 380
-29 914
-28 -15
-28 672
-26 -11
-26 52
-26 476
-25 90
-25 429
-21 -3
-21 761
-19 170
-17 352
-17 703
-17 742
-15 335
-15 422
-13 148
-13 500
-13 673
-12 139
-11 462
-9 542
-7 445
-7 608
-4 510
-4 816
-3 135
-3 779
-2 902
-1 134
1 884
2 294
2 878
3 238
3 402
4 101
5 58
5 435
5 583
5 801
5 984
6 323
6 547
6 838
7 804
8 33
8 647
8 768
9 705
9 743
9 981
10 817
11 82
12 744
13 430
13 987
14 380
14 460
14 854
15 895
16 51
16 117
16 845
17 494
18 195
18 267
18 310
18 829
19 985
20 411
20 447
20 510
20 719
20 756
21 554
21 731
22 212
22 355
22 502
23 169
23 214
23 900
24 86
24 584
24 614
24 809
25 65
26 855
27 734
27 789
28 761
29 161
30 232
31 41
31 441
32 167
32 508
32 688
32 939
33 600
33 682
33 719
33 722
34 813
35 155
35 194
35 525
35 886
36 450
36 620
36 911
37 584
38 188
38 462
38 933
38 972
39 288
40 584
40 607
40 769
40 984
41 68
41 413
41 530
42 388
43 149
43 430
43 544
43 693
44 599
45 419
45 932
46 285
46 380
46 838
46 892
47 352
48 657
49 173
49 307
49 329
50 197
50 771
50 832
51 763
52 526
52 733
52 924
52 944
53 543
54 680
55 685
55 939
56 557
57 146
57 154
57 163
57 478
58 609
58 685
58 959
59 174
59 631
59 713
59 721
60 505
61 187
61 394
61 445
61 761
62 248
62 303
62 444
62 954
62 976
63 132
63 238
63 400
64 397
65 720
65 731
66 313
67 317
67 337
67 594
67 899
68 467
68 638
68 711
69 566
70 93
70 411
71 542
72 148
73 91
73 471
73 960
73 964
74 310
74 352
74 552
74 994
75 97
76 381
76 524
77 970
78 863
79 660
80 255
81 318
82 253
82 639
82 980
83 140
83 259
83 320
83 608
84 120
84 190
84 240
84 971
85 719
86 132
86 367
86 826
87 774
88 345
88 364
89 344
90 243
90 906
90 952
91 485
92 882
93 137
93 262
93 849
94 240
94 431
94 748
94 832
94 894
95 718
96 552
96 659
96 678
96 752
97 783
97 847
97 920
98 930
98 993
99 274
99 717
99 786
100 545
100 555
100 706
100 936
101 323
101 494
102 362
102 774
102 910
103 797
104 240
104 865
105 186
105 529
106 153
106 592
106 765
106 898
107 446
108 134
108 965
109 407
110 428
110 672
110 976
111 634
112 131
112 280
113 212
113 727
113 756
113 996
114 644
114 695
114 948
114 958
115 138
115 726
115 875
115 909
116 284
117 790
117 861
118 746
119 247
119 441
119 905
120 454
120 751
120 936
121 909
122 181
123 514
124 581
125 207
125 402
125 556
125 575
126 219
126 241
126 857
126 967
127 581
127 613
127 682
127 766
128 415
128 602
128 679
128 741
129 158
129 519
130 574
130 815
130 840
131 141
131 372
131 509
131 971
132 147
133 997
134 560
134 610
134 708
135 483
135 684
135 693
135 948
136 426
136 484
136 514
136 991
137 850
137 958
139 387
139 645
139 689
139 799
141 232
141 808
141 970
142 179
142 503
143 205
143 312
143 676
143 802
144 900
145 470
146 179
146 196
146 810
148 453
148 454
148 989
150 268
151 976
152 521
153 186
153 207
153 872
154 202
156 307
156 708
157 816
158 371
158 522
158 788
159 818
160 752
160 984
161 226
161 760
161 960
162 201
163 282
163 373
163 514
163 824
164 372
165 180
165 496
165 593
165 680
166 170
166 528
166 683
166 704
167 302
167 321
167 568
167 863
168 693
169 366
170 425
170 821
171 762
172 199
172 653
172 780
173 286
174 231
175 178
175 259
175 517
175 567
175 623
176 355
176 960
177 196
177 237
177 241
177 439
178 343
178 915
179 641
179 988
181 524
181 777
181 882
182 609
183 297
183 524
183 965
184 799
184 820
185 210
185 942
185 996
186 378
186 515
187 292
187 631
187 964
187 971
188 760
188 949
188 957
189 223
189 704
191 765
192 208
192 949
193 528
194 245
194 788
194 987
195 376
195 462
195 597
195 707
197 668
197 923
198 381
198 580
198 807
199 309
199 879
199 895
200 295
200 581
200 596
201 532
201 557
201 757
202 601
202 889
202 999
203 240
203 605
203 658
203 935
204 526
204 611
204 774
204 998
205 670
205 781
205 793
205 932
206 718
206 782
208 293
208 689
208 827
209 694
209 832
209 843
209 908
210 574
210 891
211 472
211 706
212 299
212 473
213 386
213 442
213 551
213 815
214 559
214 900
216 790
217 459
218 257
219 407
219 784
219 860
220 268
220 747
220 789
220 880
221 795
222 947
223 264
223 529
223 710
224 567
225 632
225 814
225 885
227 706
228 837
229 847
229 902
230 251
231 581
231 817
231 902
231 979
232 389
232 588
233 499
233 696
233 804
233 864
234 444
235 678
236 938
237 255
237 373
237 736
237 874
238 250
238 441
239 600
241 366
241 601
241 979
242 646
244 293
245 934
246 374
246 542
246 872
247 609
248 334
249 952
251 804
251 985
253 903
253 956
254 669
255 818
255 988
256 426
257 445
257 730
257 795
258 576
259 828
259 927
260 391
260 758
262 399
262 542
262 546
263 472
263 570
263 681
263 981
264 363
264 719
265 410
265 473
265 653
265 820
266 429
266 461
266 561
266 999
268 388
268 634
269 386
269 763
270 989
271 288
271 335
271 427
271 971
272 286
273 414
274 306
274 463
274 615
274 772
275 736
277 313
277 571
277 930
277 951
278 965
279 538
279 672
280 322
280 769
280 885
281 729
283 874
284 864
284 993
286 692
286 821
286 936
287 356
287 440
287 635
287 666
288 397
288 519
289 315
289 547
289 579
289 982
290 453
291 417
291 494
291 518
293 521
293 657
294 597
294 968
294 984
296 607
296 989
297 576
298 517
298 656
298 867
300 429
301 715
302 366
302 527
302 677
303 653
304 967
305 677
306 333
306 510
306 970
307 422
308 966
310 618
311 689
312 439
313 562
314 825
316 729
316 741
317 749
317 836
317 896
318 521
318 560
319 658
320 958
321 748
322 404
322 442
322 459
322 859
323 370
323 626
324 592
325 434
325 438
325 777
326 582
327 492
328 546
329 746
329 753
329 992
330 390
330 613
330 835
331 510
331 706
332 775
334 759
334 865
334 904
335 369
335 779
335 977
336 705
338 920
340 412
340 597
341 728
342 549
344 393
344 636
344 744
345 469
345 485
345 529
345 662
346 393
347 818
347 854
348 356
348 483
348 648
348 699
348 739
349 600
349 637
349 840
350 507
350 528
350 631
350 878
351 556
351 845
352 353
353 414
353 995
355 888
357 565
357 909
358 911
359 936
360 801
361 759
362 732
362 748
364 594
364 661
364 935
365 590
365 775
365 903
365 973
366 499
366 538
367 813
368 807
370 409
372 393
372 782
375 984
376 550
376 806
376 931
377 635
378 673
378 916
379 973
380 456
380 712
380 760
381 578
381 844
382 844
383 429
383 745
384 729
384 958
384 983
384 987
385 434
386 740
386 825
387 420
388 592
388 790
389 441
389 536
389 845
390 442
391 475
391 747
391 921
392 678
392 914
395 721
396 753
397 542
397 704
397 855
398 432
398 731
398 879
401 867
402 588
403 950
405 703
406 934
407 500
408 530
409 747
409 770
411 751
412 599
412 646
412 726
414 720
415 466
415 544
416 639
416 734
416 758
417 479
417 820
417 928
418 661
419 608
419 634
420 859
420 967
421 593
423 640
424 998
426 606
426 944
429 774
429 900
430 474
430 488
430 839
431 651
431 730
431 892
432 593
432 629
432 792
433 870
434 820
434 831
436 744
436 858
436 869
437 800
438 708
439 575
439 705
440 665
440 667
440 900
442 684
442 781
443 832
444 576
444 777
445 811
446 470
446 996
448 813
448 875
448 919
449 610
451 613
451 945
452 884
452 956
453 969
455 864
457 743
457 782
457 937
457 982
458 531
459 711
459 841
462 480
462 824
463 690
463 987
464 594
465 510
465 598
465 644
465 910
466 950
467 585
467 736
467 980
468 486
468 661
468 802
468 912
469 698
469 966
470 886
472 539
472 883
473 700
474 624
474 689
474 886
474 901
475 495
475 907
476 532
476 833
476 913
477 596
481 802
482 549
482 746
482 848
483 600
483 990
484 929
484 975
485 762
486 886
486 897
486 908
487 526
488 669
488 834
489 562
489 655
490 826
491 566
491 604
491 765
492 930
492 943
493 632
494 611
494 867
495 496
495 497
495 669
497 515
497 591
497 620
497 844
498 977
500 779
500 868
501 556
501 837
503 565
503 745
504 980
505 528
505 887
506 721
507 786
511 713
512 770
512 885
513 737
516 859
517 854
517 918
518 747
519 715
519 794
520 872
521 714
522 541
522 565
523 789
524 1000
525 798
525 945
528 632
529 672
529 826
530 780
530 870
531 738
531 888
532 592
532 856
533 757
534 566
534 621
534 759
534 846
535 631
536 687
536 787
536 933
537 930
538 609
538 876
540 743
543 852
543 884
544 563
544 927
544 953
545 793
545 978
546 714
546 908
548 679
549 685
550 622
550 955
553 937
554 567
554 855
555 998
556 680
557 582
557 616
558 782
558 854
560 854
560 986
561 659
561 949
562 935
564 635
564 869
565 720
566 648
566 818
567 631
567 732
569 794
570 572
570 788
570 887
573 797
573 828
574 725
576 941
577 699
579 750
579 934
579 937
582 977
586 945
587 700
588 843
589 738
590 661
592 973
593 701
594 752
595 821
596 684
596 744
596 847
599 931
603 906
606 624
606 675
606 956
607 682
607 859
608 643
609 669
610 905
610 945
614 950
616 829
616 916
617 835
619 887
620 866
623 761
625 931
627 651
628 685
628 746
628 873
629 999
630 640
630 648
632 658
633 964
634 889
635 813
636 793
640 882
640 901
642 953
644 883
646 845
647 899
647 929
647 980
648 761
649 788
650 840
651 699
651 771
651 826
652 711
653 737
654 720
654 952
655 727
655 738
655 773
657 708
657 741
658 841
660 938
660 947
661 672
663 724
665 802
665 851
665 958
666 888
668 745
668 842
671 908
674 944
677 731
677 932
678 947
679 745
679 758
682 805
684 824
684 877
686 692
686 931
688 763
688 853
691 716
691 729
691 797
692 934
692 997
693 950
697 727
699 895
700 953
700 997
701 936
702 705
702 975
703 715
703 889
704 988
707 831
708 963
709 915
711 728
712 734
713 775
714 917
715 729
715 762
718 882
721 909
723 885
724 787
724 914
728 846
735 831
736 751
737 966
741 831
742 784
743 876
751 819
751 868
752 760
752 937
753 786
753 938
754 865
755 799
757 870
759 837
760 924
761 913
763 841
763 989
765 835
767 863
767 932
767 940
770 965
772 972
776 901
777 812
778 824
779 881
782 800
783 849
784 789
784 825
785 841
787 803
791 916
794 807
794 912
795 976
796 836
797 943
799 828
800 914
801 892
801 998
809 886
816 913
816 973
817 878
822 960
823 996
826 834
828 953
830 969
836 920
837 922
846 890
846 987
847 962
849 867
852 941
858 859
865 884
869 902
871 939
872 975
874 922
880 944
889 926
892 974
896 922
905 928
906 993
907 935
911 939
913 1000
915 969
920 977
923 941
925 935
938 955
946 971
952 985
955 961
956 967
972 999
977 986