100
-100 -16
-99 -40
-99 -18
-98 -70
-98 -57
-98 -55
-98 -52
-98 58
-98 67
-97 -38
-97 1
-97 60
-97 93
-96 -36
-96 -17
-95 -79
-94 -83
-94 -63
-94 -20
-94 24
-93 -20
-92 -83
-92 -53
-92 91
-91 -80
-90 -74
-90 -66
-90 -60
-90 -57
-90 -50
-90 25
-89 -17
-88 -51
-87 -54
-87 -52
-87 -19
-87 -14
-87 -8
-87 1
-86 -24
-86 -17
-86 -11
-86 32
-86 79
-85 -73
-85 -12
-85 58
-85 98
-84 -39
-84 -30
-84 -21
-84 4
-84 7
-83 -53
-83 -46
-83 100
-82 -68
-82 -66
-82 -59
-82 4
-82 42
-81 -45
-81 88
-80 -40
-80 -24
-80 69
-80 70
-79 -59
-79 -16
-79 10
-79 52
-78 -41
-78 -18
-78 -15
-78 88
-78 96
-77 -62
-77 -50
-76 -43
-76 34
-75 -55
-75 32
-73 -26
-73 -12
-73 56
-73 64
-72 -65
-71 -54
-71 -43
-71 -38
-71 61
-70 -8
-69 -27
-67 -41
-66 -19
-66 -8
-66 81
-65 -55
-65 -20
-65 29
-64 50
-64 69
-62 -44
-62 -22
-62 -18
-62 -2
-62 75
-61 -33
-60 -35
-60 -32
-60 -18
-59 -42
-59 -30
-58 -29
-57 -28
-57 -5
-57 37
-57 47
-56 -30
-55 6
-55 77
-54 -31
-54 14
-54 62
-51 -37
-51 -17
-51 -9
-51 63
-50 -13
-50 68
-50 89
-49 -45
-49 -41
-49 -24
-49 -23
-49 2
-49 68
-48 -28
-47 -12
-46 -27
-46 25
-46 56
-46 99
-45 -9
-45 -7
-45 5
-45 9
-44 -36
-44 -6
-44 21
-44 63
-44 90
-43 -13
-43 6
-43 11
-43 78
-41 1
-41 34
-40 -29
-40 53
-39 -9
-39 -3
-39 21
-39 38
-39 52
-37 -19
-36 -16
-36 61
-36 91
-35 -29
-35 -25
-35 19
-35 95
-34 -7
-33 -2
-33 31
-33 44
-32 100
-31 -16
-30 -8
-30 82
-29 26
-29 67
-29 99
-28 -26
-28 -19
-28 76
-28 95
-27 -7
-27 22
-27 74
-27 91
-25 37
-24 -1
-24 47
-21 96
-20 -2
-20 23
-19 72
-18 38
-18 54
-17 10
-16 15
-14 72
-13 15
-13 88
-12 42
-12 76
-10 -9
-9 77
-8 74
-7 21
-7 48
-6 53
-5 3
-4 -2
-3 52
-2 3
-1 23
1 61
1 76
1 84
2 21
3 30
3 58
3 76
3 99
4 14
4 32
4 60
4 63
5 25
5 32
5 37
5 42
5 98
6 18
6 69
6 81
8 32
9 31
10 22
10 26
10 50
10 88
11 18
11 53
11 61
11 86
12 53
14 21
14 43
14 93
15 16
15 67
15 92
17 74
19 81
20 34
21 25
22 39
22 55
22 68
22 93
23 52
23 57
23 69
24 89
25 33
25 77
26 31
26 55
26 69
26 92
27 69
28 93
29 76
30 75
31 48
31 89
32 47
34 72
36 89
37 52
37 77
37 82
38 49
38 63
38 96
40 47
42 45
42 58
42 100
44 96
46 75
47 74
47 97
48 59
48 70
48 95
48 99
51 56
52 79
53 74
53 81
54 58
56 70
56 91
58 77
61 87
62 95
63 66
63 99
64 67
65 99
67 74
68 73
68 93
68 94
70 81
70 85
70 88
71 77
72 83
75 95
75 96
78 100
80 91
81 100
84 93
88 90
89 91